batch_size: 64
epochs: 80
loss: combined_loss
optimizer:
  decay: 0.0
  lr: 0.10000000149011612
  momentum: 0.8999999761581421
  nesterov: true
val_batch_size: 50
